0.5232521
0.5293884
0.5157506
0.5417939
0.5284764
0.5345527
0.3730281
0.4119633
0.3353135
0.4183674
0.491596
0.4082866
0.5222139
0.5365602
0.5497916
0.296418
0.2980581
0.2957813
0.2459926
0.2514334
0.2538184
0.1904745
0.1835001
0.1870873
0.3735261
0.4136311
0.3801308
0.3512138
0.3603358
0.3548525
0.4118896
0.2744107
0.3934217
0.7433919
0.256073
0.3572269
0.3427622
0.3529747
0.6185271
0.2043657
0.4353041
0.9219544
0.3394471
0.5797509
0.8440972
0.3874726
0.4379041