-0.74069972
-0.8873032
-0.46242
-0.14660347
0.27827972
0.42488319
0.18759861
0.46623715
0.27863853
0.64313676
0.40546511
-0.23767165
-0.48200519
0.91183638
1.39384157
0.09212329
0.50531044
0.41318715
0.25364272
0.56405
0.31040729
0.62204673
0.06796776
-0.55407897
-0.60697876
0.11957035
0.72654911
-0.06545722
0.55338524
0.61884245
-0.28387979
0.54493334
-0.06272326
0.27443685
0.92606975
0.27369583
0.70432048
-0.0392959
0.72391884
0.46859286
1.01831235
-2.89037176
0.03922071
0.10536052
0.35222059
0.31193905
0.21130909