    0.352581     0.152336    0.0435244     0.379793    0.0717658     0.022454   0.00729597     -0.02975     -0.03556   -0.0235809   -0.0621989    -0.526079     -0.03556   -0.0235809   -0.0161667  -0.00729597     0.178069   -0.0420158    0.0273578  	  0
    0.261382     0.236446    0.0516622      0.33912      0.11139    0.0348517    0.0113243    -0.046176   0.00990174   0.00656613     0.098427     0.146487   0.00990174   0.00656613   -0.0395151   -0.0113243    -0.514222   -0.0652142    0.0121471   	  0
    0.185465       0.1283     0.380713     0.245079    0.0604426    0.0189112   0.00614482    -0.025056   0.00983247    0.0065202    0.0236498     0.145463   0.00983247    0.0065202     0.298588  -0.00614482   -0.0861954   -0.0353866    -0.320699 		  0
    0.306959     0.159739    0.0464848     0.411563    0.0752537    0.0235453   0.00765056   -0.0311959    0.0200142     0.013272   -0.0224199     0.296093    0.0200142     0.013272   -0.0161856  -0.00765056     0.228759   -0.0440578    0.0302992            0
    0.235092     0.212663    0.0464659      0.30501     0.200768    -0.250063   -0.0812528     0.331316    0.0089058    0.0059057     0.088527     0.131753    0.0089058    0.0059057   -0.0355406    0.0812528    -0.462501     0.467916    0.0109253   	  0
  0.00468901   0.00424166  0.000926782   0.00608356    -0.015941     0.670959     0.218014     0.111027   0.00017763  0.000117792   0.00176571   0.00262788   0.00017763  0.000117792 -0.000708872    -0.218014  -0.00922477   -0.0950862   0.00021791 		  0
  0.00235358   0.00212904  0.000465184   0.00305355  -0.00800135     0.336778     0.607494    0.0557284  8.91586e-05  5.91237e-05  0.000886271   0.00131902  8.91586e-05  5.91237e-05 -0.000355808     0.392506  -0.00463023   -0.0477271  0.000109377  	  0
  -0.0216014   -0.0195405  -0.00426951   -0.0280258    0.0734372     0.386044     0.125437     0.488519 -0.000818307 -0.000542643  -0.00813428   -0.0121061 -0.000818307 -0.000542643   0.00326564    -0.125437    0.0424967     0.438044  -0.00100387  	  0
  -0.0199459    0.0032369   0.00129427    0.0138898   0.00152491  0.000477113  0.000155028 -0.000632141     0.587101    0.0161119    0.0173912      0.35945    -0.412899    0.0161119 -8.27313e-06 -0.000155028    0.0221613 -0.000892771     0.001286  	  0
  -0.0350393    0.0056863   0.00227367    0.0244005   0.00267883  0.000838151   0.00027234  -0.00111049    0.0426826     0.260276    0.0305514     0.631451    0.0426826    -0.739724 -1.45335e-05  -0.00027234    0.0389311  -0.00156834   0.00225913  	  0
  -0.0911991    0.0841099   0.00813776    -0.040673    0.0396244    0.0123977   0.00402836    -0.016426    0.0454617     0.030147     0.160626     0.672566    0.0454617     0.030147   -0.0233484  -0.00402836    -0.692291   -0.0231984   -0.0152107  	  0
  -0.0456224   0.00740377   0.00296039    0.0317703   0.00348794    0.0010913  0.000354596   -0.0014459    0.0555742    0.0368529    0.0397791     0.822171    0.0555742    0.0368529 -1.89232e-05 -0.000354596    0.0506897  -0.00204204   0.00294147   	  0
  -0.0256765   0.00416687   0.00166612    0.0178804   0.00196303   0.00061419  0.000199568 -0.000813758    -0.531527     0.020741    0.0223878     0.462722     0.468473     0.020741   -1.065e-05 -0.000199568    0.0285284  -0.00114927   0.00165547 		  0	
  -0.0105831   0.00171747  0.000686728   0.00736981  0.000809103  0.000253151  8.22563e-05 -0.000335408    0.0128916    -0.223423   0.00922762     0.190721    0.0128916     0.776577 -4.38964e-06 -8.22563e-05    0.0117586 -0.000473695  0.000682338  	  0
  -0.0759171    -0.108145      0.32905   -0.0940403   -0.0509476   -0.0159404  -0.00517952    0.0211199 -6.92623e-05 -4.59299e-05   -0.0747773  -0.00102467 -6.92623e-05 -4.59299e-05     0.338103   0.00517952     0.428027    0.0298276    -0.332847 		  0
 -0.00233543  -0.00211262 -0.000461598  -0.00303001   0.00793966    -0.334181      0.38948   -0.0552988 -8.84712e-05 -5.86679e-05 -0.000879438  -0.00130885 -8.84712e-05 -5.86679e-05  0.000353064      0.61052   0.00459453    0.0473591 -0.000108533   	  0
   0.0455767   -0.0767061  -0.00517736    0.0724433   -0.0361365   -0.0113064  -0.00367377    0.0149801    0.0101125   0.00670588    -0.120847     0.149605    0.0101125   0.00670588    0.0233295   0.00367377     0.742981    0.0211564    0.0181521  	  0
  -0.0262904   -0.0237822  -0.00519629   -0.0341093    0.0893782    -0.284914   -0.0925771     0.377492 -0.000995937 -0.000660435  -0.00989999    -0.014734 -0.000995937 -0.000660435   0.00397451    0.0925771    0.0517215      0.53313  -0.00122178            0
    0.121494    0.0314392    -0.334228     0.166484    0.0148111   0.00463408   0.00150575  -0.00613983    0.0101817   0.00675181   -0.0460696      0.15063    0.0101817   0.00675181    -0.314774  -0.00150575     0.314954  -0.00867126     0.350999  	  0
 	   0  		0 	     0 		  0 	       0  	    0  		 0 	      0            0            0            0 		  0 	       0 	    0 		 0            0 	   0 		0            0            1