7.60525       0       0       0       0       0       0       0       0       0       0       0       0       0       0       0       0       0       0       0
      0  4.4324       0       0       0       0       0       0       0       0       0       0       0       0       0       0       0       0       0       0
      0       0 1.78478       0       0       0       0       0       0       0       0       0       0       0       0       0       0       0       0       0
      0       0       0 9.40978       0       0       0       0       0       0       0       0       0       0       0       0       0       0       0       0
      0       0       0       0 2.32163       0       0       0       0       0       0       0       0       0       0       0       0       0       0       0
      0       0       0       0       0 36.4188       0       0       0       0       0       0       0       0       0       0       0       0       0       0
      0       0       0       0       0       0 23.5759       0       0       0       0       0       0       0       0       0       0       0       0       0
      0       0       0       0       0       0       0 10.4742       0       0       0       0       0       0       0       0       0       0       0       0
      0       0       0       0       0       0       0       0 13.5588       0       0       0       0       0       0       0       0       0       0       0
      0       0       0       0       0       0       0       0       0 5.11821       0       0       0       0       0       0       0       0       0       0
      0       0       0       0       0       0       0       0       0       0 5.18688       0       0       0       0       0       0       0       0       0
      0       0       0       0       0       0       0       0       0       0       0 87.6973       0       0       0       0       0       0       0       0
      0       0       0       0       0       0       0       0       0       0       0       0 10.5327       0       0       0       0       0       0       0
      0       0       0       0       0       0       0       0       0       0       0       0       0 16.9457       0       0       0       0       0       0
      0       0       0       0       0       0       0       0       0       0       0       0       0       0 1.61955       0       0       0       0       0
      0       0       0       0       0       0       0       0       0       0       0       0       0       0       0 23.7591       0       0       0       0
      0       0       0       0       0       0       0       0       0       0       0       0       0       0       0       0 29.7139       0       0       0
      0       0       0       0       0       0       0       0       0       0       0       0       0       0       0       0       0 12.1543       0       0
      0       0       0       0       0       0       0       0       0       0       0       0       0       0       0       0       0       0 1.71254       0
      0       0       0       0       0       0       0       0       0       0       0       0       0       0       0       0       0       0       0 5.89438