0.352581444726948
0.0303192440410412
0.109080784819088
0.00816184563916054
0.00477377217228794
0.00552584658019624
0.00606815554747008
0.00244362452480261
0.00212903618514925
0.0171282607330758
0.00596839079837153
0.00426111513842504
0.365560058409162
0.00900239447498357
0.00523024966316223
0.007595400320875
0.00849947306801987
0.00339107192931838
0.00296806112898645
0.00243167679533537
0.00272553277591886
0.00117489213243071
0.00096386662795234
0.0163267545184966
0.0170164985584206
0.00541777154401306
0.00325477747631815
