1 3: 0.352581444241706 
1 6 3: 0.0621989222549464
1 9 3: 0.379792702732978
1 6 9 3: 0.0901367243897376
1 7 6 3: 0
1 7 9 3: 0.0273577666825295
1 9 4 3: 0
1 9 5 3: 0 
1 11 6 3: 0
1 6 9 4 3: 0 
1 6 9 5 3: 0
1 7 6 9 3: 0.016166662835596
1 7 9 4 3: 0
1 7 9 5 3: 0
1 11 2 6 3: 0
1 11 6 9 3: 0.0126249074232749
1 7 6 9 4 3: 0
1 7 6 9 5 3: 0
1 11 2 6 9 3: 0 
1 11 2 8 6 3: 0
1 11 6 9 4 3: 0.0293908946669683
1 11 6 9 5 3: 0
1 11 2 6 9 4 3: 0.00616909637884984
1 11 2 6 9 5 3: 0.0162849100620385
1 11 2 8 6 9 3: 0
1 11 2 8 6 9 4 3: 0
1 11 2 8 6 9 5 3: 0.00729596833137374
