0.352581444241706
0.0394355870833037
0.101490654784186
0.00686020235350168
0.00454920242369259
0.00418511263871545
0.0107707239441259
0.000728040881276518
0.000482785371478127
0.0245930574778252
0.00166235355509271
0.00110235564961165
0.341411778101585
0.0230775324942591
0.0153033921371343
0.00581273619059164
0.0149595440490006
0.00101118176358693
0.000670544437709683
0.00188872926873134
0.00486079666542501
0.00032856275087544
0.000217879646342314
0.0108767570736042
0.0279922090419693
0.0018921172472261
0.00125471872744365
