        0         0  0.297617         0         0  0.173453 0.0698438         0  0.368234         0 0.0908525
        0         0         0         0         0  0.516808         0  0.334557         0         0  0.148635
        0         0         1         0         0         0         0         0         0         0         0
        0         0  0.562804         0         0         0         0         0  0.437196         0         0
        0         0  0.231972         0         0         0         0         0  0.768028         0         0
0.0391261   0.32148 0.0457861         0         0         0 0.0142962  0.209728  0.262293         0   0.10729
 0.162087         0         0         0         0  0.147081         0         0  0.155526  0.535306         0
        0  0.498065         0         0         0  0.501935         0         0         0         0         0
0.0603145         0  0.562119 0.0675122  0.108618  0.190459  0.010977         0         0         0         0
        0         0         0         0         0         0         1         0         0         0         0
 0.093051  0.419805         0         0         0  0.487144         0         0         0         0         0