        0         0  0.352581         0         0  0.152336 0.0435244         0  0.379793         0 0.0717658
        0         0         0         0         0  0.754757         0  0.245243         0         0         0
        0         0         1         0         0         0         0         0         0         0         0
        0         0         1         0         0         0         0         0         0         0         0
        0         0         1         0         0         0         0         0         0         0         0
        0         0  0.258873         0         0         0         0         0  0.741127         0         0
        0         0         0         0         0  0.371439         0         0  0.628561         0         0
        0         0         0         0         0         1         0         0         0         0         0
        0         0  0.898942 0.0607635 0.0402941         0         0         0         0         0         0
        0         0         0         0         0         0         0         0         0         0         0
        0  0.414543         0         0         0  0.585457         0         0         0         0         0